//Најди ја најдолгата опаѓачка секвенца во една низа.
// Броевите во секвенцата не мора да се наоѓаат на последователни индекси во низата.
//Input
//8
//1 2 3 4 5 6 7 8
//Result
//1

//Input
//11
//-16 -23 234 234 -234 -23 -57 5 -235 453 5645
//Result
//4

//Input
//1000
//278353 341477 49471 149513 164323 155096 139949 103548 -45279 173705 277306 86655 28375 308317 -17854 240381 41417 256275 49948 20475 230212 137837 -97152 64625 258160 266659 -40922 -20798 102363 333918 345255 65325 280634 329293 -54909 -72648 -46876 203347 10566 -63669 151262 16698 -60432 149987 204651 85592 392689 178949 166488 359661 6660 -64017 221090 288009 304677 64234 12421 306858 273232 377628 376611 289603 270712 377881 -67859 235097 384256 151194 286192 283655 100761 47750 310559 63553 59513 78572 371672 56917 -28844 182675 230550 215725 52186 48265 62131 148689 33869 284791 266520 214890 348669 -78187 24258 36034 185121 44506 104722 324806 307444 159340 159730 -9523 172010 56982 176831 270418 3790 310520 337431 275709 314202 140375 97792 60705 281649 130069 334163 305598 352572 -63653 208419 -47034 286015 272627 135726 143549 -23497 268339 16671 28441 -74765 228467 -37347 -95319 35820 231584 -43661 309490 253155 306473 367773 301397 153589 361302 231628 65772 394909 130936 298166 222355 204582 212795 144285 320771 318379 138073 145050 102457 315534 38984 26726 302742 123025 -31309 262725 15840 20788 37703 -85201 113285 -58741 357827 -196 120191 297595 -25229 380011 144435 -36270 397590 202288 -7340 124256 56250 321336 214788 203157 389802 353818 30203 203736 222526 332091 -11488 345154 351024 363358 63764 58933 371023 302118 -13810 242716 150348 4650 198881 205152 218130 276404 72601 368099 366227 -48683 69764 -62563 16253 104233 76590 218225 58347 346498 72645 283564 64663 -10124 177915 -75783 65358 -96708 222186 374723 -20324 392301 210482 47144 28358 243321 234461 160087 335799 60857 87619 277574 358130 232089 176297 -64014 -40730 -91389 -6075 76659 301727 78598 323037 37723 -95239 225795 300845 260908 189168 -69709 39366 126163 108371 20600 225108 13861 70519 353759 210616 303636 298503 349839 -86220 272301 138680 147345 -76314 -92014 230075 84539 39819 11247 -8852 307163 164037 381211 335720 180764 172183 128909 23227 239736 237197 164920 334487 137723 364344 59717 219008 380047 215447 332460 51813 173353 250449 -39986 -18423 116208 46527 174257 114367 269701 182727 212121 368180 95987 300387 77184 -39706 10164 372607 264914 385203 -83842 365345 395687 272556 -89655 120164 276637 318408 183741 66044 -10478 117589 -70020 382878 281755 29161 86889 26424 -52156 220567 61684 -81669 -16763 384444 392100 -40103 78236 240409 192063 -56887 100045 -44196 74265 248488 42003 -29289 371382 399065 135137 175282 -88162 63501 236826 175675 356380 92126 248169 190652 65074 216309 248862 179205 159997 135915 121158 -83448 -35615 186989 126118 393860 384337 -37864 276403 131865 237501 255876 142128 -4357 149272 -50210 248357 27457 132388 169229 221017 80252 383901 204021 -21012 336485 52639 321530 175028 294191 -41996 -38884 274322 376124 -4770 320897 374959 269548 -41955 18161 206904 13743 14206 -70597 -81325 -94244 50785 154676 340317 34010 43109 328063 -62814 274683 26002 -30072 107672 -34839 73122 -69525 31321 11672 -58932 -3246 262971 146012 34319 99131 207533 -50029 14296 -489 149168 203426 296848 -98705 394640 314718 17189 122722 274685 191297 347636 130921 185546 190077 267247 86555 -59807 182540 320112 -81684 76961 275365 83674 89104 -71370 280779 138152 298430 42324 234143 159126 230575 93775 -83178 389672 153958 350489 277798 254074 -17239 369529 236986 286532 205998 193604 124100 319594 112977 60731 202706 376030 -99711 -15647 248537 101810 328731 124119 147854 273598 311661 -19210 282356 163754 -9379 281033 341359 94009 118498 27652 13879 120050 125520 223524 12840 319596 367761 80261 325526 -21643 314127 158810 177630 357599 -23666 -84659 373400 204327 158518 69587 365641 37988 386126 200170 370292 -19031 395396 15761 226000 123894 66345 287525 155925 16161 96729 262740 299152 233981 27192 -63648 386070 378180 163128 254290 -17003 -90297 156087 358487 -22970 134158 232613 332732 67839 28782 10372 -2847 10661 97830 95912 45181 -70850 224629 388605 271599 645 239837 324648 -86661 124278 279724 -58426 279817 158089 266925 106576 241910 300123 -70294 -6528 34613 -46936 241211 366222 240454 46486 46128 60531 282769 396746 211798 -94578 398336 -29955 392714 103108 262390 319305 -13288 243938 -70545 29470 -46898 78367 61909 12274 163202 -27683 333692 268500 172860 303534 128763 88033 328769 252658 -68953 237552 59454 284478 391662 180776 390349 210873 76045 185201 364135 298241 -36274 -12121 267942 57707 314274 243403 389142 -99610 227895 137557 146295 352736 157366 369028 137233 366851 25020 143349 113333 189496 354162 3506 376140 356203 391627 -89311 292383 296206 382265 290238 253089 304472 367373 358211 -40963 -87738 43465 -8125 -81673 281441 116228 131958 -19326 303520 -83815 361518 297022 3620 384108 271241 359851 186433 231451 307487 90574 88125 -54084 47003 134751 -66223 -41192 128519 -73651 302668 267940 -67841 378639 259095 152888 70024 248808 326867 -38737 233754 209365 312255 155705 34647 213494 37205 289248 -84736 146742 65908 226613 135389 317049 197272 2838 7257 122466 2085 124991 308817 44414 61987 167913 162305 318960 145923 357571 33375 263738 308224 365260 245475 -74684 -97375 157355 395715 216332 -61957 71275 -4290 355371 298259 396246 -43282 121280 -25312 374604 290560 -6789 289871 273472 -51968 289256 343488 347311 104685 220629 227662 -95842 233163 -88574 -13460 243120 147288 200933 73867 259105 189206 322358 193496 -85407 -51225 240254 58562 366448 302551 235767 165305 94418 97011 303519 195698 120080 -33545 307903 220743 -62069 296197 315538 42939 389213 -29518 374133 66011 236398 354138 310058 -58784 -33553 2324 -4280 210897 44279 312256 240066 370854 -62600 316860 104594 -85433 260925 92630 100322 -75406 58882 275516 293559 17116 162224 320527 332347 75951 72628 -37994 149797 118065 214522 260399 124487 31749 -9525 68512 161812 175467 79552 -80276 -97908 -91390 168418 104801 -507 39982 95488 234573 366871 302197 256780 197937 397029 3427 364179 213198 219043 312781 395254 342780 -22168 -11310 114473 379226 302929 395678 -87256 76191 177135 392360 131921 157583 14767 95195 119906 -27383 128869 205906 101296 61981 -64204 167708 65921 247675 128507 352544 -66233 71494 -6433 239674 57049 160456 194193 274242 -66929 171295 105436 3854 6170 -95595 -77938 18190 86045 75885 288256 262453 -22324 -68199 285380 -93097 239072 145225 143818 31534 364948 11454 155087 -47529 -9312 389052 -84734 15641 364847 341181 -53132 264165 74079 99075 49340 199097 35540 232870 -52348 260319 -54599 300395 -93357 -21549 268756 94869 372024 1505 384485 33493 -62736 -15316 -20293 53597 121332 156236 298163 193427 13346 103375 124302 -223 242534 -64160 233453 354120 190660 31844 197707 -68235 179973 47393 7832 347468 -35364 96889 74030 -82847 179348 -76267 236754 328070 202872 216253 72 373405 300158 128643 132243 310223
//Result
//56